vOTU_ID	VIBRANT_prophage	Length	A	C	G	T
V01_VIR_S446_L004_100740	FALSE	10764	0.2471	0.2667	0.2508	0.2353
V01_VIR_S446_L004_10247	FALSE	10811	0.1827	0.3078	0.3409	0.1686
V01_VIR_S446_L004_102687	FALSE	40201	0.2319	0.2731	0.2965	0.1985
V01_VIR_S446_L004_104104	FALSE	11103	0.2072	0.3097	0.2932	0.1899
V01_VIR_S446_L004_104370	FALSE	12938	0.33	0.1597	0.1829	0.3274
V01_VIR_S446_L004_104764	FALSE	40848	0.194	0.3183	0.3153	0.1724
V01_VIR_S446_L004_104787	FALSE	52574	0.1533	0.3402	0.3412	0.1653
V01_VIR_S446_L004_108441	FALSE	18289	0.1774	0.306	0.3655	0.1512
V01_VIR_S446_L004_109024	FALSE	16645	0.1716	0.353	0.3292	0.1462
V01_VIR_S446_L004_110703	FALSE	26019	0.2154	0.2757	0.28	0.2289
V01_VIR_S446_L004_11084	FALSE	60101	0.1891	0.3144	0.325	0.1715
V01_VIR_S446_L004_113495	FALSE	10077	0.2953	0.22	0.2369	0.2478
V01_VIR_S446_L004_11787	FALSE	10325	0.1503	0.3549	0.3248	0.17
V01_VIR_S446_L004_120506	FALSE	32114	0.1672	0.3548	0.3287	0.1492
V01_VIR_S446_L004_127786	FALSE	14951	0.259	0.2406	0.2332	0.2671
V01_VIR_S446_L004_127836	FALSE	18804	0.1682	0.3621	0.3317	0.138
V01_VIR_S446_L004_127913	FALSE	25744	0.3101	0.1972	0.1928	0.2999
V01_VIR_S446_L004_129795	FALSE	13932	0.2066	0.2991	0.3056	0.1887
V01_VIR_S446_L004_130108	FALSE	10374	0.3674	0.1557	0.1866	0.2903
V01_VIR_S446_L004_131742	FALSE	15647	0.2221	0.2926	0.2441	0.2412
V01_VIR_S446_L004_133192	FALSE	15894	0.1507	0.3739	0.3311	0.1442
V01_VIR_S446_L004_135997	FALSE	10291	0.2331	0.2722	0.2466	0.2481
V01_VIR_S446_L004_136370	FALSE	39560	0.1837	0.3368	0.3265	0.153
V01_VIR_S446_L004_140753	FALSE	11818	0.1967	0.3124	0.3124	0.1785
V01_VIR_S446_L004_146702	FALSE	26788	0.1967	0.3098	0.3135	0.1799
V01_VIR_S446_L004_147039	FALSE	13510	0.2144	0.2873	0.2497	0.2486
V01_VIR_S446_L004_148720	FALSE	14463	0.2135	0.289	0.2849	0.2125
V01_VIR_S446_L004_149801	FALSE	58570	0.1719	0.3375	0.3437	0.1468
V01_VIR_S446_L004_15019	FALSE	16895	0.3031	0.2107	0.1492	0.337
V01_VIR_S446_L004_150339	FALSE	39945	0.1655	0.3466	0.3434	0.1445
V01_VIR_S446_L004_154380	FALSE	74618	0.1646	0.3595	0.3499	0.1261
V01_VIR_S446_L004_154550	FALSE	60434	0.1793	0.3361	0.3424	0.1422
V01_VIR_S446_L004_155190	FALSE	49955	0.1827	0.3103	0.3254	0.1816
V01_VIR_S446_L004_155518	FALSE	53081	0.1707	0.3355	0.3295	0.1643
V01_VIR_S446_L004_155819	FALSE	44384	0.2285	0.2911	0.2999	0.1804
V01_VIR_S446_L004_155882	FALSE	14244	0.1809	0.3369	0.3254	0.1568
V01_VIR_S446_L004_156025	FALSE	51362	0.2363	0.2913	0.2804	0.192
V01_VIR_S446_L004_156272	FALSE	39601	0.309	0.1944	0.1968	0.2998
V01_VIR_S446_L004_156845	FALSE	10226	0.2507	0.2346	0.269	0.2456
V01_VIR_S446_L004_1587	FALSE	59903	0.1751	0.3091	0.3349	0.1808
V01_VIR_S446_L004_17000	FALSE	64892	0.2161	0.2833	0.2784	0.2223
V01_VIR_S446_L004_24925	FALSE	10186	0.3365	0.1871	0.232	0.2444
V01_VIR_S446_L004_2594	FALSE	14119	0.1443	0.3556	0.3473	0.1527
V01_VIR_S446_L004_26821	FALSE	31871	0.1612	0.3431	0.3375	0.1581
V01_VIR_S446_L004_28506	FALSE	38760	0.247	0.2402	0.2221	0.2907
V01_VIR_S446_L004_28986	FALSE	10928	0.1532	0.3076	0.3204	0.2189
V01_VIR_S446_L004_29011	FALSE	12094	0.1685	0.3215	0.3165	0.1935
V01_VIR_S446_L004_33592	FALSE	33856	0.1427	0.3463	0.3728	0.1381
V01_VIR_S446_L004_35701	FALSE	19291	0.1683	0.3106	0.3728	0.1483
V01_VIR_S446_L004_39144	FALSE	14567	0.2053	0.3057	0.2697	0.2193
V01_VIR_S446_L004_42121	FALSE	10064	0.1528	0.3643	0.3469	0.136
V01_VIR_S446_L004_42523	FALSE	10099	0.1948	0.3198	0.3105	0.1749
V01_VIR_S446_L004_43501	FALSE	13091	0.1873	0.3037	0.3011	0.2079
V01_VIR_S446_L004_43698	FALSE	11226	0.311	0.1992	0.1417	0.3481
V01_VIR_S446_L004_48114	FALSE	21612	0.196	0.2879	0.273	0.243
V01_VIR_S446_L004_50193	FALSE	43326	0.1787	0.3365	0.3423	0.1425
V01_VIR_S446_L004_5347	FALSE	61665	0.1629	0.3477	0.338	0.1513
V01_VIR_S446_L004_54707	FALSE	23346	0.185	0.3117	0.3015	0.2017
V01_VIR_S446_L004_55377	FALSE	14785	0.1348	0.3405	0.3789	0.1458
V01_VIR_S446_L004_5569	FALSE	12100	0.1858	0.3321	0.3249	0.1573
V01_VIR_S446_L004_68585	FALSE	14619	0.214	0.2824	0.2642	0.2393
V01_VIR_S446_L004_69105	FALSE	14571	0.3403	0.1872	0.2311	0.2414
V01_VIR_S446_L004_70401	FALSE	11579	0.19	0.2947	0.3423	0.173
V01_VIR_S446_L004_74254	FALSE	48848	0.3296	0.1788	0.2058	0.2858
V01_VIR_S446_L004_75615	FALSE	18092	0.1369	0.3492	0.3511	0.1629
V01_VIR_S446_L004_75627	FALSE	27828	0.176	0.3428	0.343	0.1381
V01_VIR_S446_L004_76289	FALSE	14164	0.1829	0.3204	0.2992	0.1975
V01_VIR_S446_L004_7696	FALSE	35212	0.312	0.1808	0.2058	0.3013
V01_VIR_S446_L004_8273	FALSE	12098	0.2249	0.3088	0.3056	0.1607
V01_VIR_S446_L004_84515	FALSE	12995	0.1968	0.3371	0.3102	0.156
V01_VIR_S446_L004_88771	FALSE	37345	0.1738	0.317	0.3186	0.1906
V01_VIR_S446_L004_9078	FALSE	12413	0.2339	0.2965	0.3083	0.1613
V01_VIR_S446_L004_91984	FALSE	12394	0.1953	0.3004	0.3145	0.1898
V01_VIR_S446_L004_99205	FALSE	32661	0.2288	0.3232	0.2463	0.2017
V01_VIR_S446_L004_99511	FALSE	10098	0.2278	0.2638	0.307	0.2014
V02_VIR_S451_L004_1038	FALSE	50625	0.2858	0.2147	0.2448	0.2548
V02_VIR_S451_L004_12191	FALSE	39233	0.2287	0.2844	0.2627	0.2243
V02_VIR_S451_L004_12588	FALSE	19901	0.246	0.2742	0.2582	0.2216
V02_VIR_S451_L004_13627	FALSE	19681	0.274	0.2122	0.1897	0.3241
V02_VIR_S451_L004_13970	FALSE	10233	0.2105	0.331	0.3239	0.1347
V02_VIR_S451_L004_1451	FALSE	70732	0.1641	0.3537	0.3322	0.15
V02_VIR_S451_L004_14659	FALSE	15187	0.2812	0.2242	0.1832	0.3114
V02_VIR_S451_L004_1673	FALSE	10144	0.1676	0.3302	0.337	0.1651
V02_VIR_S451_L004_18464	FALSE	32681	0.1608	0.3258	0.3507	0.1627
V02_VIR_S451_L004_1863	FALSE	44627	0.1629	0.3447	0.331	0.1614
V02_VIR_S451_L004_19047	FALSE	26752	0.2533	0.258	0.2864	0.2023
V02_VIR_S451_L004_19683	FALSE	16642	0.3111	0.18	0.2268	0.2821
V02_VIR_S451_L004_19981	FALSE	23407	0.25	0.2515	0.2783	0.2201
V02_VIR_S451_L004_20819	FALSE	17779	0.1587	0.3382	0.3619	0.1412
V02_VIR_S451_L004_22747	FALSE	12318	0.2299	0.2869	0.3173	0.1659
V02_VIR_S451_L004_23277	FALSE	21308	0.1676	0.3216	0.3192	0.1915
V02_VIR_S451_L004_23435	FALSE	64506	0.2254	0.2793	0.279	0.2163
V02_VIR_S451_L004_23625	FALSE	45033	0.2095	0.2976	0.3085	0.1844
V02_VIR_S451_L004_24266	FALSE	38292	0.2467	0.2435	0.2597	0.2501
V02_VIR_S451_L004_24362	FALSE	39502	0.1736	0.3437	0.3373	0.1454
V02_VIR_S451_L004_24972	FALSE	41597	0.3116	0.2093	0.2445	0.2345
V02_VIR_S451_L004_25926	FALSE	13415	0.1627	0.334	0.352	0.1513
V02_VIR_S451_L004_26837	FALSE	14657	0.3226	0.1841	0.2007	0.2926
V02_VIR_S451_L004_27816	FALSE	46522	0.1809	0.3163	0.3281	0.1748
V02_VIR_S451_L004_29080	FALSE	16657	0.1759	0.3339	0.3011	0.1891
V02_VIR_S451_L004_29423	FALSE	30542	0.1841	0.3355	0.3264	0.1541
V02_VIR_S451_L004_3006	FALSE	10609	0.2028	0.2758	0.2673	0.2541
V02_VIR_S451_L004_30224	FALSE	35336	0.2541	0.2354	0.2072	0.3033
V02_VIR_S451_L004_33096	FALSE	12268	0.1382	0.3395	0.3346	0.1877
V02_VIR_S451_L004_33362	FALSE	64525	0.2336	0.2616	0.2358	0.269
V02_VIR_S451_L004_33538	FALSE	10542	0.2482	0.2372	0.1977	0.3168
V02_VIR_S451_L004_34264	FALSE	11272	0.2072	0.2832	0.2676	0.242
V02_VIR_S451_L004_3473	FALSE	58355	0.2022	0.2877	0.2746	0.2355
V02_VIR_S451_L004_35144	FALSE	12719	0.1839	0.3227	0.3047	0.1886
V02_VIR_S451_L004_35286	FALSE	21367	0.327	0.1782	0.2231	0.2717
V02_VIR_S451_L004_35491	FALSE	13024	0.16	0.3132	0.3619	0.1649
V02_VIR_S451_L004_37369	FALSE	44563	0.2077	0.29	0.3032	0.1991
V02_VIR_S451_L004_37521	FALSE	17185	0.3479	0.1572	0.225	0.2699
V02_VIR_S451_L004_38028	FALSE	10014	0.2862	0.2299	0.1841	0.2998
V02_VIR_S451_L004_38266	FALSE	13237	0.3136	0.1931	0.211	0.2823
V02_VIR_S451_L004_39068	FALSE	15629	0.1468	0.3038	0.3708	0.1786
V02_VIR_S451_L004_40978	FALSE	12925	0.2418	0.2586	0.2924	0.2073
V02_VIR_S451_L004_4258	FALSE	11809	0.1825	0.3175	0.3292	0.1709
V02_VIR_S451_L004_43312	FALSE	11471	0.1886	0.3176	0.3198	0.174
V02_VIR_S451_L004_43331	FALSE	12308	0.1386	0.3372	0.3674	0.1568
V02_VIR_S451_L004_4415	FALSE	12616	0.2092	0.2727	0.2548	0.2633
V02_VIR_S451_L004_44252	FALSE	10029	0.1676	0.3258	0.3277	0.1789
V02_VIR_S451_L004_45442	FALSE	11178	0.1757	0.3568	0.3245	0.143
V02_VIR_S451_L004_45552	FALSE	37445	0.1511	0.3399	0.3332	0.1758
V02_VIR_S451_L004_45555	FALSE	39015	0.1651	0.3366	0.3595	0.1389
V02_VIR_S451_L004_45799	FALSE	46285	0.2128	0.2947	0.2909	0.2015
V02_VIR_S451_L004_45895	FALSE	10023	0.1536	0.3375	0.3222	0.1867
V02_VIR_S451_L004_46081	FALSE	17173	0.212	0.2884	0.3117	0.188
V02_VIR_S451_L004_46191	FALSE	17353	0.1531	0.3612	0.3538	0.1319
V02_VIR_S451_L004_47834	FALSE	15483	0.1604	0.3375	0.3582	0.144
V02_VIR_S451_L004_49925	FALSE	67770	0.2554	0.2319	0.2714	0.2413
V02_VIR_S451_L004_50150	FALSE	20080	0.2084	0.292	0.2934	0.2061
V02_VIR_S451_L004_50684	FALSE	14050	0.1875	0.3025	0.3451	0.1649
V02_VIR_S451_L004_50807	FALSE	20964	0.1884	0.3313	0.3338	0.1465
V02_VIR_S451_L004_51689	FALSE	101373	0.2209	0.286	0.2768	0.2163
V02_VIR_S451_L004_55061	FALSE	11283	0.1968	0.3079	0.3189	0.1764
V02_VIR_S451_L004_55872	FALSE	12635	0.1655	0.3206	0.3371	0.1768
V02_VIR_S451_L004_5666	FALSE	13516	0.1551	0.3433	0.3452	0.1564
V02_VIR_S451_L004_57224	FALSE	18953	0.1781	0.3135	0.3288	0.1796
V02_VIR_S451_L004_5832	FALSE	28847	0.1872	0.3123	0.2984	0.2021
V02_VIR_S451_L004_58366	FALSE	25038	0.2287	0.2789	0.2797	0.2128
V02_VIR_S451_L004_5844	FALSE	12048	0.1586	0.3167	0.3078	0.217
V02_VIR_S451_L004_59155	FALSE	11454	0.1657	0.3231	0.304	0.2072
V02_VIR_S451_L004_607	FALSE	10276	0.2192	0.3567	0.2817	0.1425
V02_VIR_S451_L004_626	FALSE	15207	0.1684	0.3339	0.3153	0.1824
V02_VIR_S451_L004_63672	FALSE	41636	0.198	0.2982	0.2867	0.2172
V02_VIR_S451_L004_64698	FALSE	10588	0.1593	0.3585	0.3318	0.1504
V02_VIR_S451_L004_65189	FALSE	19080	0.2076	0.3294	0.3047	0.1584
V02_VIR_S451_L004_65551	FALSE	19497	0.1658	0.2941	0.353	0.1871
V02_VIR_S451_L004_65605	FALSE	16654	0.1726	0.3459	0.3444	0.1371
V02_VIR_S451_L004_66077	FALSE	11125	0.1444	0.3468	0.3505	0.1583
V02_VIR_S451_L004_66284	FALSE	70835	0.1758	0.3187	0.3308	0.1747
V02_VIR_S451_L004_67503	FALSE	23857	0.2325	0.2896	0.3021	0.1758
V02_VIR_S451_L004_67536	FALSE	10470	0.1495	0.3495	0.3172	0.1839
V02_VIR_S451_L004_67832	FALSE	11124	0.1547	0.3357	0.3296	0.1801
V02_VIR_S451_L004_69341	FALSE	13110	0.3546	0.1761	0.2002	0.269
V02_VIR_S451_L004_69546	FALSE	15573	0.2504	0.2326	0.2133	0.3036
V02_VIR_S451_L004_70570	FALSE	13107	0.1844	0.3352	0.3137	0.1666
V02_VIR_S451_L004_71101	FALSE	10613	0.1731	0.3332	0.3439	0.1498
V02_VIR_S451_L004_71475	FALSE	10706	0.2232	0.2754	0.2822	0.2192
V02_VIR_S451_L004_72694	FALSE	50347	0.2101	0.2804	0.3176	0.1919
V02_VIR_S451_L004_73207	FALSE	10561	0.1682	0.3382	0.32	0.1737
V02_VIR_S451_L004_744	FALSE	12521	0.1785	0.3388	0.346	0.1367
V02_VIR_S451_L004_75487	FALSE	15111	0.2111	0.2932	0.292	0.2036
V02_VIR_S451_L004_75836	FALSE	13257	0.2817	0.2166	0.1687	0.333
V02_VIR_S451_L004_75861	FALSE	14702	0.1683	0.3334	0.3456	0.1527
V02_VIR_S451_L004_76384	FALSE	88797	0.187	0.3034	0.3184	0.1912
V02_VIR_S451_L004_77992	FALSE	16907	0.1614	0.3286	0.3548	0.1552
V02_VIR_S451_L004_78118	FALSE	44589	0.1742	0.3382	0.3	0.1876
V02_VIR_S451_L004_80171	FALSE	17746	0.191	0.3254	0.3093	0.1744
V02_VIR_S451_L004_8186	FALSE	11347	0.2171	0.3018	0.3051	0.1759
V02_VIR_S451_L004_84155	FALSE	11344	0.1471	0.33	0.3495	0.1734
V02_VIR_S451_L004_85308	FALSE	23009	0.1611	0.3757	0.3217	0.1415
V02_VIR_S451_L004_85360	FALSE	15612	0.1624	0.3277	0.3456	0.1644
V02_VIR_S451_L004_85862	FALSE	10290	0.2881	0.2141	0.2257	0.2721
V02_VIR_S451_L004_87716	FALSE	11254	0.1793	0.3256	0.3385	0.1566
V02_VIR_S451_L004_88299	FALSE	40649	0.1666	0.3369	0.3371	0.1593
V02_VIR_S451_L004_88391	FALSE	43931	0.1869	0.3173	0.3293	0.1665
V02_VIR_S451_L004_88640	FALSE	43990	0.1535	0.3319	0.326	0.1886
V02_VIR_S451_L004_88690	FALSE	16930	0.1443	0.3449	0.3719	0.1389
V02_VIR_S451_L004_89015	FALSE	78853	0.1535	0.3561	0.3376	0.1528
V02_VIR_S451_L004_89105	FALSE	45629	0.2221	0.265	0.2878	0.2251
V02_VIR_S451_L004_89139	FALSE	109612	0.2298	0.274	0.256	0.2402
V02_VIR_S451_L004_89503	FALSE	115732	0.2077	0.2781	0.3142	0.2
V02_VIR_S451_L004_89661	FALSE	14806	0.1562	0.3409	0.3376	0.1653
V02_VIR_S451_L004_89792	FALSE	54435	0.2044	0.292	0.2884	0.2152
V02_VIR_S451_L004_89930	FALSE	14995	0.1606	0.3166	0.3524	0.1704
V02_VIR_S451_L004_89937	FALSE	25145	0.1853	0.3259	0.3209	0.1678
V02_VIR_S451_L004_89967	FALSE	11229	0.2114	0.2906	0.2931	0.2049
V02_VIR_S451_L004_90028	FALSE	14273	0.2841	0.1955	0.1853	0.3351
V02_VIR_S451_L004_90085	FALSE	39227	0.2892	0.1965	0.1699	0.3444
V02_VIR_S451_L004_90102	FALSE	36361	0.2894	0.1941	0.1671	0.3494
V02_VIR_S451_L004_9595	FALSE	15660	0.2667	0.2537	0.2499	0.2297
V03_VIR_S447_L004_10068	FALSE	28129	0.3041	0.1959	0.1715	0.3285
V03_VIR_S447_L004_10104_fragment_1	TRUE	11642	0.173	0.3434	0.3414	0.1422
V03_VIR_S447_L004_13294	FALSE	40036	0.24	0.2554	0.2631	0.2415
V03_VIR_S447_L004_13580	FALSE	36433	0.1755	0.318	0.3143	0.1923
V03_VIR_S447_L004_13731	FALSE	12578	0.1866	0.3384	0.3293	0.1457
V03_VIR_S447_L004_15815	FALSE	16263	0.1505	0.3799	0.3301	0.1394
V03_VIR_S447_L004_16236	FALSE	16822	0.3729	0.1698	0.1891	0.2682
V03_VIR_S447_L004_17557	FALSE	13478	0.1614	0.3512	0.3309	0.1564
V03_VIR_S447_L004_17670	FALSE	15340	0.2477	0.2177	0.187	0.3477
V03_VIR_S447_L004_18663	FALSE	27191	0.1521	0.3476	0.363	0.1373
V03_VIR_S447_L004_1979	FALSE	13636	0.1778	0.3368	0.3328	0.1526
V03_VIR_S447_L004_20342	FALSE	14593	0.1941	0.3431	0.3208	0.1419
V03_VIR_S447_L004_25869	FALSE	11734	0.1506	0.3305	0.3312	0.1877
V03_VIR_S447_L004_26696_fragment_1	TRUE	17828	0.1772	0.3207	0.3277	0.1743
V03_VIR_S447_L004_26755	FALSE	12183	0.2032	0.3269	0.2939	0.176
V03_VIR_S447_L004_28348	FALSE	12682	0.2728	0.2158	0.1829	0.3285
V03_VIR_S447_L004_29403	FALSE	42906	0.2965	0.1803	0.16	0.3632
V03_VIR_S447_L004_29875	FALSE	14213	0.1499	0.3535	0.3547	0.1418
V03_VIR_S447_L004_30443	FALSE	39166	0.2136	0.2849	0.3045	0.1971
V03_VIR_S447_L004_3093	FALSE	41059	0.2213	0.2853	0.2845	0.2089
V03_VIR_S447_L004_32964	FALSE	11793	0.2009	0.2807	0.2619	0.2565
V03_VIR_S447_L004_34313	FALSE	13058	0.1715	0.3394	0.3113	0.1778
V03_VIR_S447_L004_34799	FALSE	10154	0.1758	0.3521	0.3138	0.1584
V03_VIR_S447_L004_34941	FALSE	15094	0.2901	0.2284	0.2429	0.2385
V03_VIR_S447_L004_39232	FALSE	125158	0.3272	0.1707	0.1797	0.3224
V03_VIR_S447_L004_39816	FALSE	15610	0.1813	0.321	0.3278	0.1699
V03_VIR_S447_L004_39832	FALSE	17906	0.3416	0.184	0.2229	0.2515
V03_VIR_S447_L004_39931	FALSE	15322	0.1363	0.3232	0.3947	0.1459
V03_VIR_S447_L004_41596	FALSE	41468	0.1669	0.3438	0.3406	0.1486
V03_VIR_S447_L004_42334	FALSE	14362	0.161	0.3648	0.3327	0.1415
V03_VIR_S447_L004_42902	FALSE	14561	0.1535	0.3701	0.3391	0.1373
V03_VIR_S447_L004_4385	FALSE	10223	0.2081	0.2942	0.2907	0.207
V03_VIR_S447_L004_43856	FALSE	32813	0.3073	0.181	0.1898	0.3219
V03_VIR_S447_L004_44883	FALSE	13253	0.1753	0.3168	0.3236	0.1843
V03_VIR_S447_L004_44959	FALSE	35353	0.3078	0.1851	0.1792	0.3279
V03_VIR_S447_L004_45218	FALSE	32331	0.1468	0.33	0.3597	0.1635
V03_VIR_S447_L004_45363	FALSE	15526	0.1367	0.3629	0.3606	0.1398
V03_VIR_S447_L004_45531	FALSE	14780	0.168	0.3234	0.3173	0.1913
V03_VIR_S447_L004_47722	FALSE	26697	0.199	0.2967	0.2848	0.2195
V03_VIR_S447_L004_48162	FALSE	16588	0.1564	0.2932	0.3522	0.1983
V03_VIR_S447_L004_48404	FALSE	11078	0.177	0.3283	0.3001	0.1945
V03_VIR_S447_L004_48453	FALSE	13564	0.1549	0.3572	0.3421	0.1458
V03_VIR_S447_L004_48806	FALSE	10204	0.1729	0.314	0.3356	0.1776
V03_VIR_S447_L004_48893	FALSE	11825	0.2216	0.2939	0.2974	0.1871
V03_VIR_S447_L004_51152	FALSE	14278	0.264	0.2392	0.1921	0.3047
V03_VIR_S447_L004_51386	FALSE	31954	0.1926	0.3205	0.33	0.1569
V03_VIR_S447_L004_52769	FALSE	58413	0.2754	0.2118	0.1696	0.3431
V03_VIR_S447_L004_53526	FALSE	40360	0.1626	0.3284	0.3241	0.1849
V03_VIR_S447_L004_53537	FALSE	10039	0.217	0.2966	0.2626	0.2238
V03_VIR_S447_L004_54086	FALSE	31600	0.1565	0.3405	0.3437	0.1593
V03_VIR_S447_L004_55132	FALSE	11473	0.1601	0.3629	0.3453	0.1317
V03_VIR_S447_L004_55427	FALSE	12249	0.2586	0.2259	0.216	0.2995
V03_VIR_S447_L004_56526	FALSE	10699	0.204	0.2987	0.2831	0.2141
V03_VIR_S447_L004_57191	FALSE	10819	0.1837	0.3242	0.3249	0.1672
V03_VIR_S447_L004_58775	FALSE	40128	0.3243	0.1932	0.2255	0.2571
V03_VIR_S447_L004_59094	FALSE	13396	0.1695	0.333	0.3315	0.166
V03_VIR_S447_L004_59289	FALSE	28239	0.1632	0.354	0.3401	0.1426
V03_VIR_S447_L004_59811	FALSE	17936	0.1472	0.3293	0.351	0.1725
V03_VIR_S447_L004_60037	FALSE	11244	0.1817	0.3279	0.3076	0.1828
V03_VIR_S447_L004_60404	FALSE	30535	0.3387	0.1694	0.1951	0.2969
V03_VIR_S447_L004_61262	FALSE	11541	0.2659	0.2236	0.2177	0.2928
V03_VIR_S447_L004_61648	FALSE	16292	0.1617	0.3344	0.3422	0.1617
V03_VIR_S447_L004_62828	FALSE	16465	0.1599	0.3281	0.3484	0.1636
V03_VIR_S447_L004_63062	FALSE	15518	0.2016	0.2776	0.2795	0.2412
V03_VIR_S447_L004_63971	FALSE	18227	0.201	0.311	0.3033	0.1847
V03_VIR_S447_L004_65265	FALSE	59785	0.2174	0.2778	0.2731	0.2317
V03_VIR_S447_L004_6651	FALSE	10880	0.1734	0.326	0.3142	0.1864
V03_VIR_S447_L004_66556	FALSE	10337	0.181	0.333	0.3191	0.1669
V03_VIR_S447_L004_67425	FALSE	10593	0.161	0.3836	0.3139	0.1414
V03_VIR_S447_L004_67505	FALSE	13331	0.3809	0.1399	0.1932	0.286
V03_VIR_S447_L004_68537	FALSE	14998	0.1733	0.3109	0.3	0.2158
V03_VIR_S447_L004_68770_fragment_2	TRUE	21555	0.1912	0.316	0.3144	0.1784
V03_VIR_S447_L004_70429	FALSE	20355	0.3259	0.1859	0.2141	0.2742
V03_VIR_S447_L004_71118	FALSE	41683	0.1895	0.2902	0.2815	0.2388
V03_VIR_S447_L004_7518	FALSE	11760	0.2367	0.2543	0.2251	0.2839
V03_VIR_S447_L004_75821	FALSE	13216	0.1423	0.3579	0.3631	0.1367
V03_VIR_S447_L004_76039	FALSE	41380	0.2366	0.2548	0.2922	0.2163
V03_VIR_S447_L004_76191	FALSE	10717	0.1484	0.3693	0.3398	0.1425
V03_VIR_S447_L004_76819	FALSE	61227	0.2234	0.2771	0.2821	0.2174
V03_VIR_S447_L004_77005	FALSE	66486	0.1993	0.3054	0.3009	0.1945
V03_VIR_S447_L004_77432	FALSE	14371	0.1437	0.3341	0.3337	0.1886
V03_VIR_S447_L004_77573	FALSE	45761	0.2988	0.2187	0.2387	0.2438
V03_VIR_S447_L004_77817	FALSE	34357	0.2053	0.2932	0.2674	0.2342
V03_VIR_S447_L004_78526	FALSE	11693	0.132	0.3263	0.3986	0.143
V03_VIR_S447_L004_79581	FALSE	11257	0.1902	0.3155	0.3158	0.1785
V03_VIR_S447_L004_80230	FALSE	12672	0.1914	0.3198	0.3313	0.1574
V03_VIR_S447_L004_80511	FALSE	13406	0.1623	0.3504	0.3161	0.1713
V03_VIR_S447_L004_8160	FALSE	29309	0.1548	0.3721	0.3364	0.1366
V03_VIR_S447_L004_82612	FALSE	39623	0.1562	0.3439	0.3298	0.1701
V03_VIR_S447_L004_83248	FALSE	12773	0.2858	0.2022	0.1596	0.3525
V03_VIR_S447_L004_84262	FALSE	27949	0.1458	0.332	0.3589	0.1633
V03_VIR_S447_L004_85938	FALSE	10001	0.144	0.344	0.3547	0.1574
V03_VIR_S447_L004_86112	FALSE	32470	0.2059	0.301	0.2812	0.2119
V03_VIR_S447_L004_86194_fragment_2	TRUE	13091	0.1273	0.367	0.3573	0.1483
V03_VIR_S447_L004_86849	FALSE	47722	0.2551	0.2305	0.2066	0.3078
V03_VIR_S447_L004_8711	FALSE	10126	0.2033	0.2866	0.3115	0.1986
V03_VIR_S447_L004_87818	FALSE	11524	0.1587	0.3473	0.3355	0.1585
V03_VIR_S447_L004_88538	FALSE	23350	0.3042	0.1939	0.2198	0.282
V03_VIR_S447_L004_90495	FALSE	11454	0.1953	0.3166	0.3374	0.1507
V03_VIR_S447_L004_90610	FALSE	13571	0.192	0.3232	0.3311	0.1536
V03_VIR_S447_L004_91010	FALSE	16362	0.1805	0.3324	0.3389	0.1483
V03_VIR_S447_L004_93075	FALSE	12887	0.2077	0.2643	0.3426	0.1854
V03_VIR_S447_L004_95574	FALSE	20858	0.1744	0.3178	0.3264	0.1814
V03_VIR_S447_L004_96346	FALSE	25020	0.3023	0.1956	0.1423	0.3598
V03_VIR_S447_L004_96693	FALSE	18005	0.1602	0.3045	0.306	0.2293
V03_VIR_S447_L004_96734	FALSE	12954	0.1648	0.3363	0.3397	0.1592
V03_VIR_S447_L004_96984	FALSE	29094	0.1753	0.3211	0.3167	0.1868
V03_VIR_S447_L004_97144	FALSE	26690	0.1455	0.3501	0.3434	0.1611
V03_VIR_S447_L004_97422	FALSE	44312	0.1872	0.3101	0.3161	0.1867
V03_VIR_S447_L004_98140	FALSE	15749	0.1631	0.33	0.344	0.163
V03_VIR_S447_L004_98450	FALSE	21204	0.1284	0.381	0.3677	0.123
V04_VIR_S455_L004_123999	FALSE	52128	0.1769	0.3258	0.3363	0.1609
V04_VIR_S455_L004_124776	FALSE	39450	0.2005	0.305	0.2998	0.1947
V04_VIR_S455_L004_124858	FALSE	10653	0.2154	0.3162	0.2978	0.1707
V04_VIR_S455_L004_125021	FALSE	43933	0.2769	0.2276	0.2078	0.2876
V04_VIR_S455_L004_12611	FALSE	21842	0.1789	0.3533	0.3145	0.1533
V04_VIR_S455_L004_14946	FALSE	48052	0.1698	0.34	0.3272	0.163
V04_VIR_S455_L004_34779	FALSE	11056	0.228	0.2695	0.2724	0.23
V04_VIR_S455_L004_3569	FALSE	21054	0.1625	0.3373	0.3412	0.1589
V04_VIR_S455_L004_37876	FALSE	49819	0.1772	0.3262	0.3202	0.1764
V04_VIR_S455_L004_39483	FALSE	22581	0.1361	0.3372	0.3512	0.1755
V04_VIR_S455_L004_40157	FALSE	10170	0.1666	0.3318	0.3054	0.1963
V04_VIR_S455_L004_40265	FALSE	31827	0.1851	0.3384	0.3321	0.1444
V04_VIR_S455_L004_43260	FALSE	14464	0.1272	0.3619	0.3643	0.1466
V04_VIR_S455_L004_45007	FALSE	19081	0.1793	0.3319	0.2984	0.1905
V04_VIR_S455_L004_45457	FALSE	14680	0.1467	0.3087	0.3645	0.1801
V04_VIR_S455_L004_59613	FALSE	36727	0.1685	0.3354	0.3478	0.1483
V04_VIR_S455_L004_60712	FALSE	15075	0.1918	0.3072	0.3073	0.1937
V04_VIR_S455_L004_67036	FALSE	51785	0.2955	0.2064	0.204	0.2941
V04_VIR_S455_L004_70652	FALSE	89770	0.1812	0.3147	0.3184	0.1856
V04_VIR_S455_L004_71169	FALSE	10748	0.1681	0.3376	0.3499	0.1444
V04_VIR_S455_L004_74981	FALSE	12396	0.1579	0.3454	0.3278	0.1689
V04_VIR_S455_L004_75509	FALSE	12216	0.195	0.3008	0.2866	0.2177
V04_VIR_S455_L004_78422	FALSE	163132	0.3218	0.1898	0.2036	0.2848
V04_VIR_S455_L004_78846	FALSE	10840	0.1544	0.3225	0.3514	0.1717
V04_VIR_S455_L004_86195	FALSE	14257	0.1798	0.3282	0.299	0.193
V04_VIR_S455_L004_88365	FALSE	20294	0.3187	0.1866	0.1987	0.296
V04_VIR_S455_L004_89585	FALSE	10408	0.128	0.3615	0.3739	0.1365
V04_VIR_S455_L004_90014	FALSE	26897	0.1754	0.3219	0.2992	0.2034
V05_VIR_S469_L004_11281	FALSE	13217	0.264	0.2457	0.2485	0.2417
V05_VIR_S469_L004_114785	FALSE	22667	0.162	0.3476	0.3337	0.1567
V05_VIR_S469_L004_122799	FALSE	13343	0.1848	0.3191	0.305	0.191
V05_VIR_S469_L004_122968	FALSE	39826	0.1957	0.2904	0.2925	0.2213
V05_VIR_S469_L004_123324	FALSE	43857	0.2906	0.2087	0.1791	0.3216
V05_VIR_S469_L004_124000	FALSE	35265	0.298	0.2124	0.2333	0.2563
V05_VIR_S469_L004_124624	FALSE	18424	0.1591	0.2971	0.3637	0.1801
V05_VIR_S469_L004_16341	FALSE	13020	0.2022	0.284	0.2805	0.2333
V05_VIR_S469_L004_17305	FALSE	66705	0.2087	0.2876	0.3002	0.2035
V05_VIR_S469_L004_2560	FALSE	10757	0.172	0.3256	0.3448	0.1577
V05_VIR_S469_L004_26007	FALSE	10256	0.181	0.3247	0.3476	0.1467
V05_VIR_S469_L004_27353	FALSE	30002	0.1707	0.3591	0.3252	0.1449
V05_VIR_S469_L004_3045	FALSE	45427	0.155	0.3162	0.3417	0.1871
V05_VIR_S469_L004_34406	FALSE	15218	0.1875	0.3128	0.2889	0.2109
V05_VIR_S469_L004_39012	FALSE	13233	0.2106	0.2835	0.3234	0.1824
V05_VIR_S469_L004_4501	FALSE	43591	0.2348	0.2596	0.2609	0.2448
V05_VIR_S469_L004_46044	FALSE	29583	0.1968	0.3077	0.2862	0.2092
V05_VIR_S469_L004_49083	FALSE	17877	0.1487	0.3234	0.352	0.1758
V05_VIR_S469_L004_55167	FALSE	12995	0.2943	0.21	0.1594	0.3363
V05_VIR_S469_L004_6117	FALSE	12569	0.1365	0.371	0.3543	0.1382
V05_VIR_S469_L004_6229	FALSE	47126	0.1692	0.3304	0.3383	0.1621
V05_VIR_S469_L004_71836	FALSE	14643	0.177	0.2863	0.316	0.2207
V05_VIR_S469_L004_88810	FALSE	27267	0.1804	0.331	0.3303	0.1583
V05_VIR_S469_L004_89718	FALSE	20645	0.2315	0.2884	0.2936	0.1866
V05_VIR_S469_L004_97986	FALSE	20313	0.1533	0.3593	0.3356	0.1518
V06_VIR_S454_L004_10032	FALSE	10045	0.1604	0.3587	0.3379	0.1431
V06_VIR_S454_L004_10070	FALSE	12491	0.3143	0.1971	0.2226	0.266
V06_VIR_S454_L004_102170	FALSE	15875	0.1699	0.3384	0.34	0.1517
V06_VIR_S454_L004_103995	FALSE	16200	0.1846	0.3749	0.292	0.1485
V06_VIR_S454_L004_104525	FALSE	10370	0.1449	0.3332	0.359	0.1629
V06_VIR_S454_L004_104773	FALSE	11977	0.3058	0.2047	0.2076	0.282
V06_VIR_S454_L004_105987	FALSE	14834	0.1368	0.3346	0.3654	0.1632
V06_VIR_S454_L004_107129	FALSE	36387	0.1881	0.3238	0.3458	0.1422
V06_VIR_S454_L004_107406	FALSE	33596	0.3142	0.1934	0.2028	0.2897
V06_VIR_S454_L004_109522	FALSE	17803	0.1801	0.3339	0.3556	0.1304
V06_VIR_S454_L004_110828	FALSE	19420	0.1739	0.3322	0.339	0.1549
V06_VIR_S454_L004_111612	FALSE	11778	0.2112	0.2913	0.316	0.1815
V06_VIR_S454_L004_111683	FALSE	43641	0.1821	0.3213	0.3205	0.1761
V06_VIR_S454_L004_112434	FALSE	12820	0.1998	0.3034	0.3125	0.1842
V06_VIR_S454_L004_11361	FALSE	21692	0.2215	0.3014	0.2921	0.185
V06_VIR_S454_L004_115142	FALSE	10352	0.1416	0.3191	0.3641	0.1752
V06_VIR_S454_L004_116696	FALSE	18345	0.1598	0.3492	0.3477	0.1433
V06_VIR_S454_L004_117148	FALSE	10349	0.2401	0.2664	0.2938	0.1996
V06_VIR_S454_L004_117971	FALSE	14328	0.192	0.3119	0.3107	0.1854
V06_VIR_S454_L004_120988	FALSE	47843	0.2052	0.2826	0.299	0.2132
V06_VIR_S454_L004_121084	FALSE	43510	0.2159	0.2823	0.2815	0.2204
V06_VIR_S454_L004_121391	FALSE	54175	0.2401	0.2659	0.2574	0.2366
V06_VIR_S454_L004_121655	FALSE	17290	0.1304	0.3607	0.3742	0.1347
V06_VIR_S454_L004_121741	FALSE	16371	0.1437	0.3416	0.3644	0.1503
V06_VIR_S454_L004_122044	FALSE	53272	0.2556	0.2452	0.2609	0.2383
V06_VIR_S454_L004_122143	FALSE	38620	0.3229	0.1975	0.2282	0.2514
V06_VIR_S454_L004_122396	FALSE	17045	0.1802	0.3132	0.3021	0.2045
V06_VIR_S454_L004_122522	FALSE	53927	0.2809	0.2187	0.1932	0.3072
V06_VIR_S454_L004_122771	FALSE	13815	0.1593	0.3394	0.3352	0.1661
V06_VIR_S454_L004_122928	FALSE	72372	0.3553	0.16	0.2039	0.2808
V06_VIR_S454_L004_123281	FALSE	45559	0.2876	0.2102	0.1721	0.3301
V06_VIR_S454_L004_123442	FALSE	36307	0.2804	0.1944	0.1434	0.3817
V06_VIR_S454_L004_123879	FALSE	10107	0.1585	0.3577	0.325	0.1588
V06_VIR_S454_L004_124149	FALSE	27298	0.2071	0.2867	0.2793	0.2269
V06_VIR_S454_L004_126134	FALSE	33260	0.1545	0.3337	0.3388	0.173
V06_VIR_S454_L004_126233	FALSE	11489	0.2086	0.2898	0.2817	0.2199
V06_VIR_S454_L004_126611	FALSE	10177	0.3277	0.1776	0.2237	0.271
V06_VIR_S454_L004_12952	FALSE	10504	0.193	0.3366	0.3196	0.1508
V06_VIR_S454_L004_13233	FALSE	22370	0.1211	0.3668	0.3617	0.1503
V06_VIR_S454_L004_13687	FALSE	40585	0.1916	0.3221	0.3284	0.1578
V06_VIR_S454_L004_137	FALSE	11682	0.1347	0.3718	0.3343	0.1593
V06_VIR_S454_L004_13874	FALSE	11217	0.1973	0.3016	0.2978	0.2034
V06_VIR_S454_L004_14403	FALSE	38974	0.2138	0.3035	0.2979	0.1848
V06_VIR_S454_L004_15470	FALSE	64525	0.199	0.3093	0.2965	0.1953
V06_VIR_S454_L004_15827	FALSE	17520	0.2255	0.2719	0.2622	0.2404
V06_VIR_S454_L004_15862	FALSE	10731	0.1883	0.3251	0.2986	0.188
V06_VIR_S454_L004_16504	FALSE	17772	0.2402	0.2396	0.229	0.2912
V06_VIR_S454_L004_17120	FALSE	25760	0.163	0.3358	0.3271	0.1742
V06_VIR_S454_L004_18351	FALSE	15822	0.2106	0.282	0.3111	0.1962
V06_VIR_S454_L004_18720	FALSE	10486	0.1745	0.3386	0.323	0.1638
V06_VIR_S454_L004_19966	FALSE	12417	0.1237	0.3675	0.3614	0.1475
V06_VIR_S454_L004_20497	FALSE	11922	0.1669	0.3332	0.3374	0.1626
V06_VIR_S454_L004_20619	FALSE	58456	0.3189	0.1914	0.2209	0.2689
V06_VIR_S454_L004_26994	FALSE	20277	0.1628	0.3386	0.3479	0.1507
V06_VIR_S454_L004_2758	FALSE	23591	0.1587	0.3309	0.3473	0.163
V06_VIR_S454_L004_28963	FALSE	47066	0.2352	0.2523	0.2683	0.2443
V06_VIR_S454_L004_31639	FALSE	45039	0.2645	0.2382	0.2538	0.2436
V06_VIR_S454_L004_31732	FALSE	10647	0.1913	0.3595	0.302	0.1472
V06_VIR_S454_L004_33120	FALSE	55794	0.2003	0.3145	0.3136	0.1716
V06_VIR_S454_L004_34342	FALSE	11598	0.1486	0.3424	0.3441	0.1649
V06_VIR_S454_L004_34608	FALSE	13925	0.1789	0.3085	0.3126	0.2
V06_VIR_S454_L004_3502	FALSE	14124	0.3113	0.1845	0.2285	0.2756
V06_VIR_S454_L004_40883	FALSE	11169	0.1839	0.3258	0.3077	0.1826
V06_VIR_S454_L004_41531	FALSE	12152	0.1721	0.377	0.319	0.1319
V06_VIR_S454_L004_42703	FALSE	23971	0.1913	0.3186	0.3266	0.1635
V06_VIR_S454_L004_4283	FALSE	10339	0.1677	0.3491	0.3028	0.1804
V06_VIR_S454_L004_43556	FALSE	10902	0.2234	0.2482	0.239	0.2893
V06_VIR_S454_L004_44856	FALSE	18643	0.2042	0.2464	0.274	0.2754
V06_VIR_S454_L004_46009	FALSE	16515	0.1918	0.3	0.3261	0.1821
V06_VIR_S454_L004_46621	FALSE	47568	0.22	0.2473	0.2713	0.2614
V06_VIR_S454_L004_49708	FALSE	48085	0.173	0.3299	0.3311	0.166
V06_VIR_S454_L004_54816	FALSE	10540	0.1525	0.3307	0.3518	0.165
V06_VIR_S454_L004_57287	FALSE	11333	0.1784	0.3357	0.313	0.1729
V06_VIR_S454_L004_57559	FALSE	11364	0.15	0.3422	0.3154	0.1924
V06_VIR_S454_L004_58051	FALSE	15446	0.1332	0.3264	0.3734	0.167
V06_VIR_S454_L004_59131	FALSE	13239	0.1298	0.3638	0.3598	0.1466
V06_VIR_S454_L004_63323	FALSE	10603	0.1979	0.3131	0.3032	0.1858
V06_VIR_S454_L004_63948	FALSE	49159	0.143	0.3793	0.3587	0.119
V06_VIR_S454_L004_64209	FALSE	15537	0.167	0.3575	0.356	0.1195
V06_VIR_S454_L004_64334	FALSE	10759	0.1954	0.339	0.3037	0.162
V06_VIR_S454_L004_66367	FALSE	41988	0.1753	0.3456	0.3247	0.1545
V06_VIR_S454_L004_66484	FALSE	14125	0.1443	0.4045	0.3281	0.1231
V06_VIR_S454_L004_68319	FALSE	16125	0.1507	0.3386	0.3601	0.1506
V06_VIR_S454_L004_68959	FALSE	11771	0.183	0.3268	0.3242	0.166
V06_VIR_S454_L004_69070	FALSE	40223	0.3837	0.1325	0.182	0.3019
V06_VIR_S454_L004_70221	FALSE	12324	0.2842	0.2696	0.2463	0.1999
V06_VIR_S454_L004_70853	FALSE	38342	0.1483	0.3479	0.3429	0.1609
V06_VIR_S454_L004_71297	FALSE	33893	0.1361	0.3498	0.3667	0.1474
V06_VIR_S454_L004_7139	FALSE	11195	0.151	0.3384	0.3255	0.1852
V06_VIR_S454_L004_73395	FALSE	11513	0.1684	0.3599	0.3157	0.156
V06_VIR_S454_L004_75098	FALSE	15696	0.1895	0.3055	0.2541	0.2509
V06_VIR_S454_L004_75895	FALSE	16242	0.1661	0.3325	0.3149	0.1865
V06_VIR_S454_L004_77341	FALSE	11730	0.2722	0.2155	0.1754	0.3368
V06_VIR_S454_L004_7755	FALSE	44992	0.2728	0.2193	0.2322	0.2756
V06_VIR_S454_L004_77835	FALSE	10670	0.1749	0.3354	0.3345	0.1552
V06_VIR_S454_L004_77931	FALSE	21409	0.1867	0.2969	0.3	0.2164
V06_VIR_S454_L004_81420	FALSE	43760	0.2394	0.2554	0.2385	0.2667
V06_VIR_S454_L004_82948	FALSE	12957	0.185	0.324	0.3397	0.1513
V06_VIR_S454_L004_83113	FALSE	36958	0.2555	0.2292	0.2017	0.3135
V06_VIR_S454_L004_83303	FALSE	11687	0.2489	0.2282	0.1831	0.3398
V06_VIR_S454_L004_83320	FALSE	10997	0.153	0.3223	0.3399	0.1848
V06_VIR_S454_L004_83646	FALSE	13175	0.1592	0.345	0.3235	0.1722
V06_VIR_S454_L004_84356	FALSE	10044	0.2059	0.2979	0.2794	0.2168
V06_VIR_S454_L004_8509	FALSE	50062	0.1589	0.3355	0.3262	0.1794
V06_VIR_S454_L004_85674	FALSE	16164	0.2204	0.286	0.3217	0.1719
V06_VIR_S454_L004_87539	FALSE	93306	0.2406	0.2644	0.2709	0.2241
V06_VIR_S454_L004_90845	FALSE	11121	0.183	0.3111	0.3372	0.1687
V06_VIR_S454_L004_91091	FALSE	19931	0.1714	0.3338	0.3324	0.1623
V06_VIR_S454_L004_93341	FALSE	14586	0.1872	0.3244	0.2985	0.1898
V06_VIR_S454_L004_93369	FALSE	39595	0.1551	0.3687	0.3404	0.1357
V06_VIR_S454_L004_93826	FALSE	26391	0.1148	0.3586	0.373	0.1536
V06_VIR_S454_L004_9399	FALSE	47105	0.1483	0.3419	0.3345	0.1753
V06_VIR_S454_L004_94599	FALSE	21877	0.1345	0.3535	0.3377	0.1743
V06_VIR_S454_L004_95372	FALSE	20048	0.1606	0.3582	0.3443	0.1369
V06_VIR_S454_L004_9595	FALSE	22488	0.207	0.2985	0.3059	0.1886
V06_VIR_S454_L004_9650	FALSE	10232	0.1623	0.3678	0.3249	0.145
V06_VIR_S454_L004_97424	FALSE	10466	0.1642	0.3338	0.3421	0.1599
V06_VIR_S454_L004_97428	FALSE	83429	0.1908	0.3185	0.3247	0.166
V06_VIR_S454_L004_97670	FALSE	35747	0.1866	0.2946	0.3025	0.2164
V06_VIR_S454_L004_9793	FALSE	30111	0.1475	0.363	0.3594	0.1301
V06_VIR_S454_L004_99950	FALSE	46160	0.1935	0.318	0.3285	0.16
V07_VIR_S465_L004_100050	FALSE	35497	0.2864	0.2001	0.1895	0.324
V07_VIR_S465_L004_100273	FALSE	22135	0.1882	0.2859	0.3085	0.2174
V07_VIR_S465_L004_100397	FALSE	73841	0.2291	0.2753	0.2653	0.2304
V07_VIR_S465_L004_100559	FALSE	11380	0.2635	0.2339	0.2339	0.2686
V07_VIR_S465_L004_10070	FALSE	67318	0.1832	0.3125	0.3155	0.1888
V07_VIR_S465_L004_101083	FALSE	57343	0.3175	0.179	0.1789	0.3246
V07_VIR_S465_L004_101268	FALSE	69706	0.2877	0.2067	0.219	0.2866
V07_VIR_S465_L004_101381	FALSE	38769	0.2081	0.3012	0.2964	0.1943
V07_VIR_S465_L004_101525	FALSE	15486	0.1968	0.3032	0.3032	0.1968
V07_VIR_S465_L004_101805	FALSE	82203	0.183	0.3114	0.3066	0.199
V07_VIR_S465_L004_102005	FALSE	10803	0.3256	0.2007	0.2206	0.2532
V07_VIR_S465_L004_102119	FALSE	65676	0.1895	0.3092	0.3085	0.1929
V07_VIR_S465_L004_102297	FALSE	59262	0.1742	0.3235	0.3131	0.1892
V07_VIR_S465_L004_102348	FALSE	10891	0.1766	0.3378	0.3018	0.1838
V07_VIR_S465_L004_102475	FALSE	12612	0.2691	0.2233	0.2399	0.2678
V07_VIR_S465_L004_102551	FALSE	67322	0.1943	0.3098	0.3074	0.1884
V07_VIR_S465_L004_102664	FALSE	44131	0.1826	0.3149	0.311	0.1914
V07_VIR_S465_L004_102665	FALSE	23664	0.186	0.3263	0.3192	0.1684
V07_VIR_S465_L004_102810	FALSE	67596	0.1395	0.3472	0.3562	0.1572
V07_VIR_S465_L004_102887	FALSE	21784	0.1982	0.3208	0.2981	0.1829
V07_VIR_S465_L004_102896	FALSE	65543	0.1743	0.3431	0.3119	0.1707
V07_VIR_S465_L004_102969	FALSE	57557	0.2122	0.2947	0.2804	0.2127
V07_VIR_S465_L004_102984	FALSE	10605	0.3458	0.1697	0.1953	0.2892
V07_VIR_S465_L004_103007	FALSE	44797	0.2325	0.2578	0.2756	0.2341
V07_VIR_S465_L004_103018	FALSE	30968	0.1909	0.3134	0.3102	0.1855
V07_VIR_S465_L004_103160	FALSE	47153	0.1926	0.2975	0.3634	0.1465
V07_VIR_S465_L004_103370	FALSE	11668	0.2155	0.2812	0.2781	0.2252
V07_VIR_S465_L004_103424	FALSE	12018	0.2034	0.2809	0.3065	0.2093
V07_VIR_S465_L004_10712	FALSE	10032	0.158	0.3169	0.3263	0.1989
V07_VIR_S465_L004_11289	FALSE	13122	0.1463	0.3287	0.3451	0.1799
V07_VIR_S465_L004_11967	FALSE	17343	0.2851	0.2424	0.212	0.2605
V07_VIR_S465_L004_12339	FALSE	29071	0.2417	0.2608	0.2798	0.2177
V07_VIR_S465_L004_13107	FALSE	34263	0.2119	0.2805	0.2799	0.2277
V07_VIR_S465_L004_13225	FALSE	16395	0.2988	0.2118	0.2231	0.2663
V07_VIR_S465_L004_14987	FALSE	11312	0.3045	0.1772	0.2504	0.2679
V07_VIR_S465_L004_15474	FALSE	18015	0.3114	0.1913	0.2024	0.2949
V07_VIR_S465_L004_15727	FALSE	18753	0.2531	0.2543	0.2693	0.2233
V07_VIR_S465_L004_1622	FALSE	47071	0.1526	0.3602	0.3455	0.1417
V07_VIR_S465_L004_16240	FALSE	11047	0.2025	0.3171	0.3037	0.1767
V07_VIR_S465_L004_16296	FALSE	18990	0.3273	0.1955	0.2113	0.2659
V07_VIR_S465_L004_16540	FALSE	30344	0.3274	0.1827	0.1729	0.317
V07_VIR_S465_L004_17669	FALSE	17085	0.1781	0.3502	0.3291	0.1426
V07_VIR_S465_L004_17774	FALSE	31152	0.2482	0.2574	0.2452	0.2492
V07_VIR_S465_L004_18070	FALSE	60577	0.2421	0.2669	0.2382	0.2529
V07_VIR_S465_L004_18449	FALSE	52282	0.2285	0.2698	0.2948	0.2069
V07_VIR_S465_L004_18517	FALSE	10027	0.1591	0.3366	0.3335	0.1708
V07_VIR_S465_L004_18631	FALSE	43468	0.1823	0.293	0.3369	0.1878
V07_VIR_S465_L004_19424	FALSE	27852	0.2667	0.2342	0.2262	0.2729
V07_VIR_S465_L004_19758	FALSE	10873	0.2412	0.2715	0.2854	0.2019
V07_VIR_S465_L004_21345	FALSE	25143	0.2322	0.3171	0.2903	0.1603
V07_VIR_S465_L004_24355	FALSE	11170	0.2688	0.2271	0.2403	0.2638
V07_VIR_S465_L004_28377	FALSE	64780	0.227	0.2805	0.2463	0.2462
V07_VIR_S465_L004_28393	FALSE	41159	0.2396	0.2484	0.2626	0.2494
V07_VIR_S465_L004_28395	FALSE	13531	0.2966	0.1822	0.1613	0.3599
V07_VIR_S465_L004_29270	FALSE	15584	0.2044	0.3114	0.3078	0.1764
V07_VIR_S465_L004_29375	FALSE	31527	0.3316	0.1615	0.2103	0.2966
V07_VIR_S465_L004_30126	FALSE	20884	0.1484	0.3477	0.3347	0.1692
V07_VIR_S465_L004_30239	FALSE	10600	0.1616	0.3575	0.3308	0.1501
V07_VIR_S465_L004_30746	FALSE	13732	0.2299	0.2655	0.2284	0.2762
V07_VIR_S465_L004_31965	FALSE	10881	0.2034	0.282	0.3028	0.2118
V07_VIR_S465_L004_31966	FALSE	17434	0.1808	0.3526	0.3143	0.1523
V07_VIR_S465_L004_33014	FALSE	10232	0.1764	0.3531	0.33	0.1404
V07_VIR_S465_L004_3324	FALSE	13673	0.2471	0.2513	0.255	0.2466
V07_VIR_S465_L004_33262	FALSE	13550	0.3314	0.2019	0.2204	0.2463
V07_VIR_S465_L004_3412	FALSE	15813	0.2273	0.2966	0.2925	0.1836
V07_VIR_S465_L004_34698	FALSE	13872	0.1736	0.2946	0.3227	0.2091
V07_VIR_S465_L004_36588	FALSE	27656	0.1645	0.3234	0.321	0.1911
V07_VIR_S465_L004_36777	FALSE	11752	0.1707	0.3523	0.3382	0.1389
V07_VIR_S465_L004_37024	FALSE	23090	0.1697	0.3166	0.3529	0.1608
V07_VIR_S465_L004_3771	FALSE	12378	0.2256	0.2761	0.298	0.2003
V07_VIR_S465_L004_37744	FALSE	13378	0.2225	0.2562	0.2636	0.2577
V07_VIR_S465_L004_38077	FALSE	13998	0.1526	0.3821	0.3312	0.1341
V07_VIR_S465_L004_38778	FALSE	50789	0.2225	0.2839	0.2714	0.2222
V07_VIR_S465_L004_39323	FALSE	18768	0.2526	0.2327	0.1889	0.3258
V07_VIR_S465_L004_39433	FALSE	14750	0.1847	0.3222	0.2809	0.2121
V07_VIR_S465_L004_40353	FALSE	20867	0.2001	0.2878	0.2669	0.2452
V07_VIR_S465_L004_40573	FALSE	15623	0.2046	0.3068	0.2916	0.1971
V07_VIR_S465_L004_4104	FALSE	10574	0.2743	0.2214	0.1841	0.3202
V07_VIR_S465_L004_41565	FALSE	21056	0.3466	0.1359	0.2532	0.2643
V07_VIR_S465_L004_41800	FALSE	29354	0.2042	0.2853	0.254	0.2565
V07_VIR_S465_L004_42130	FALSE	14608	0.2876	0.1875	0.2173	0.3076
V07_VIR_S465_L004_4229	FALSE	20593	0.1848	0.3163	0.3302	0.1687
V07_VIR_S465_L004_42711	FALSE	24774	0.1553	0.3563	0.322	0.1663
V07_VIR_S465_L004_43964	FALSE	15508	0.1421	0.3105	0.3843	0.1631
V07_VIR_S465_L004_45640	FALSE	28747	0.1668	0.3469	0.34	0.1464
V07_VIR_S465_L004_46445	FALSE	33588	0.2546	0.2392	0.2512	0.255
V07_VIR_S465_L004_46745	FALSE	11627	0.2064	0.3311	0.3042	0.1583
V07_VIR_S465_L004_46817	FALSE	22849	0.1731	0.3237	0.3196	0.1836
V07_VIR_S465_L004_46916	FALSE	14267	0.156	0.3408	0.354	0.1492
V07_VIR_S465_L004_48263	FALSE	68385	0.357	0.1565	0.205	0.2815
V07_VIR_S465_L004_49828	FALSE	11514	0.2408	0.2407	0.2194	0.2991
V07_VIR_S465_L004_50049	FALSE	35711	0.306	0.2189	0.2139	0.2612
V07_VIR_S465_L004_50524	FALSE	22452	0.2099	0.313	0.288	0.1892
V07_VIR_S465_L004_50759	FALSE	40301	0.1583	0.3182	0.3172	0.2062
V07_VIR_S465_L004_51260	FALSE	24319	0.2189	0.2743	0.2923	0.2145
V07_VIR_S465_L004_51488	FALSE	10000	0.3114	0.21	0.2428	0.2358
V07_VIR_S465_L004_52359	FALSE	11310	0.2307	0.2984	0.2728	0.1981
V07_VIR_S465_L004_53518	FALSE	15027	0.163	0.3251	0.3418	0.1701
V07_VIR_S465_L004_53645	FALSE	11705	0.1829	0.2894	0.3165	0.2112
V07_VIR_S465_L004_5419	FALSE	65100	0.2618	0.24	0.229	0.2693
V07_VIR_S465_L004_54822	FALSE	26698	0.1429	0.3459	0.3325	0.1787
V07_VIR_S465_L004_55215	FALSE	14794	0.1751	0.3135	0.3271	0.1843
V07_VIR_S465_L004_55395	FALSE	10778	0.2012	0.3163	0.3146	0.1679
V07_VIR_S465_L004_56675	FALSE	22267	0.2329	0.2836	0.2888	0.1947
V07_VIR_S465_L004_56951	FALSE	21545	0.2261	0.2644	0.2832	0.2263
V07_VIR_S465_L004_575	FALSE	11472	0.3193	0.1885	0.1923	0.2999
V07_VIR_S465_L004_58033	FALSE	37022	0.2208	0.2651	0.2565	0.2576
V07_VIR_S465_L004_59130	FALSE	36972	0.2158	0.2729	0.2785	0.2328
V07_VIR_S465_L004_59188	FALSE	11244	0.2288	0.2597	0.2508	0.2607
V07_VIR_S465_L004_59910	FALSE	12288	0.2358	0.2673	0.2598	0.2371
V07_VIR_S465_L004_6028	FALSE	55237	0.2733	0.2232	0.2606	0.2429
V07_VIR_S465_L004_60505	FALSE	15499	0.2703	0.2132	0.1814	0.3352
V07_VIR_S465_L004_60591	FALSE	12137	0.2576	0.2293	0.2655	0.2476
V07_VIR_S465_L004_60876	FALSE	10031	0.1889	0.2774	0.2958	0.2379
V07_VIR_S465_L004_62573	FALSE	47320	0.3063	0.1918	0.1686	0.3333
V07_VIR_S465_L004_63105	FALSE	62989	0.2397	0.2488	0.2697	0.2418
V07_VIR_S465_L004_6371	FALSE	12267	0.1529	0.3389	0.3489	0.1593
V07_VIR_S465_L004_63818	FALSE	26835	0.2523	0.246	0.197	0.3047
V07_VIR_S465_L004_64255	FALSE	20090	0.2919	0.208	0.1925	0.3076
V07_VIR_S465_L004_64408	FALSE	57197	0.2505	0.2618	0.2605	0.2271
V07_VIR_S465_L004_66357	FALSE	13974	0.2827	0.2068	0.1733	0.3372
V07_VIR_S465_L004_66646	FALSE	26035	0.2946	0.2259	0.2492	0.2303
V07_VIR_S465_L004_66873	FALSE	37804	0.2358	0.2749	0.2651	0.2243
V07_VIR_S465_L004_67492	FALSE	32051	0.1338	0.3621	0.3572	0.1469
V07_VIR_S465_L004_67576	FALSE	125296	0.3133	0.1777	0.1931	0.3159
V07_VIR_S465_L004_68803	FALSE	22359	0.1966	0.3007	0.2858	0.2169
V07_VIR_S465_L004_69018	FALSE	13557	0.2644	0.2483	0.2281	0.2592
V07_VIR_S465_L004_69725	FALSE	29443	0.1578	0.3265	0.3448	0.1709
V07_VIR_S465_L004_69967	FALSE	11004	0.2884	0.2022	0.2004	0.309
V07_VIR_S465_L004_69979	FALSE	24081	0.2188	0.3138	0.2911	0.1764
V07_VIR_S465_L004_7077	FALSE	11654	0.1766	0.336	0.3375	0.1499
V07_VIR_S465_L004_70933	FALSE	16291	0.2062	0.2948	0.2628	0.2363
V07_VIR_S465_L004_71617	FALSE	23651	0.1756	0.2975	0.3088	0.218
V07_VIR_S465_L004_7246	FALSE	36751	0.2408	0.2859	0.2737	0.1996
V07_VIR_S465_L004_72773	FALSE	10936	0.1971	0.2997	0.295	0.2081
V07_VIR_S465_L004_7308	FALSE	22091	0.186	0.3151	0.3322	0.1667
V07_VIR_S465_L004_74137	FALSE	23959	0.171	0.2888	0.3188	0.2213
V07_VIR_S465_L004_74505	FALSE	12466	0.1549	0.3531	0.3032	0.1888
V07_VIR_S465_L004_74655	FALSE	16270	0.256	0.2479	0.2201	0.276
V07_VIR_S465_L004_75789	FALSE	10116	0.1658	0.3613	0.34	0.133
V07_VIR_S465_L004_76608	FALSE	41606	0.3731	0.1408	0.2067	0.2794
V07_VIR_S465_L004_77911	FALSE	17582	0.2444	0.2849	0.2686	0.2021
V07_VIR_S465_L004_78513	FALSE	41385	0.2132	0.3025	0.3098	0.1745
V07_VIR_S465_L004_79267	FALSE	11185	0.1734	0.3435	0.2865	0.1966
V07_VIR_S465_L004_79576	FALSE	32675	0.2782	0.2146	0.2142	0.2929
V07_VIR_S465_L004_80156	FALSE	24927	0.1691	0.3511	0.3353	0.1446
V07_VIR_S465_L004_80386	FALSE	10262	0.1744	0.3565	0.3153	0.1538
V07_VIR_S465_L004_81212	FALSE	51254	0.2906	0.1994	0.2198	0.2902
V07_VIR_S465_L004_81815	FALSE	50414	0.3283	0.182	0.2174	0.2723
